Top 10
Hit Ratio:0.20846
Precision:0.02085
Recall:0.20846
NDCG:0.12787
Top 20
Hit Ratio:0.27871
Precision:0.01394
Recall:0.27871
NDCG:0.14555
