Top 10
Hit Ratio:0.21671
Precision:0.02167
Recall:0.21671
NDCG:0.13256
Top 20
Hit Ratio:0.27993
Precision:0.014
Recall:0.27993
NDCG:0.14849
